A0A061ACK7	42	0.294	34.492	0.257	0.016	0.727
A0A061ACK7	282	0.571	66.863	0.782	0.003	0.216
A0A061ACP8	6	0.520	60.991	0.018	0.088	0.893
A0A061ACP8	38	0.393	46.071	0.018	0.047	0.935
A0A061ACP8	40	0.410	48.087	0.018	0.047	0.935
A0A061ACP8	45	0.338	39.567	0.022	0.359	0.619
A0A061ACP8	47	0.422	49.494	0.022	0.359	0.619
A0A061ACP8	74	0.244	33.843	0.019	0.141	0.840
A0A061ACP8	77	0.373	43.774	0.058	0.017	0.925
A0A061ACP8	91	0.517	60.546	0.191	0.086	0.723
A0A061ACP8	464	0.344	47.657	0.058	0.017	0.925
A0A061ACP8	473	0.602	70.578	0.257	0.016	0.727
A0A061ACP8	496	0.543	75.272	0.058	0.017	0.925
A0A061ACP8	514	0.095	11.169	0.074	0.484	0.442
A0A061ACP8	594	0.444	52.013	0.064	0.216	0.721
A0A061ACP8	596	0.400	46.845	0.052	0.084	0.864
A0A061ACP8	605	0.507	59.432	0.118	0.150	0.732
A0A061ACP8	615	0.406	56.326	0.058	0.017	0.925
A0A061ACP8	616	0.489	57.276	0.058	0.017	0.925
A0A061ACP8	761	0.448	62.110	0.058	0.017	0.925
A0A061ACP8	763	0.384	53.261	0.058	0.017	0.925
A0A061ACP8	788	0.308	65.926	0.113	0.043	0.844
A0A061ACP8	814	0.530	73.566	0.181	0.016	0.803
A0A061ACP8	816	0.523	72.512	0.181	0.016	0.803
A0A061ACP8	821	0.495	58.049	0.018	0.019	0.964
A0A061ACP8	902	0.159	18.588	0.858	0.002	0.139
A0A061ACP8	906	0.534	74.066	0.430	0.016	0.555
A0A061ACU2	407	0.574	67.214	0.021	0.279	0.699
A0A061ACU2	409	0.388	45.485	0.018	0.047	0.935
A0A061ACU2	426	0.611	84.787	0.118	0.150	0.732
A0A061ACU2	427	0.534	62.585	0.118	0.150	0.732
A0A061ACU2	782	0.680	94.302	0.018	0.019	0.964
A0A061ACU2	1477	0.459	53.748	0.923	0.002	0.076
A0A061ACU2	1558	0.413	48.427	0.970	0.001	0.030
A0A061ACU2	1562	0.551	76.354	0.970	0.001	0.030
A0A061ACU2	1566	0.654	76.625	0.858	0.002	0.139
A0A061ACY0	94	0.383	44.852	0.004	0.197	0.799
A0A061AD39	955	0.391	45.849	0.159	0.516	0.325
A0A061AD39	956	0.415	57.519	0.159	0.516	0.325
A0A061AD47	277	0.495	57.967	0.184	0.043	0.773
A0A061AD47	361	0.580	68.035	0.113	0.043	0.844
A0A061AD47	365	0.592	69.394	0.257	0.016	0.727
A0A061AD47	367	0.588	68.937	0.455	0.046	0.498
A0A061AD47	638	0.198	27.518	0.113	0.087	0.800
A0A061AD72	494	0.583	68.351	0.018	0.019	0.964
A0A061AD72	624	0.171	20.029	0.172	0.690	0.138
A0A061AD72	939	0.340	39.907	0.386	0.097	0.517
A0A061AD72	942	0.427	49.998	0.502	0.102	0.396
A0A061AD72	1371	0.278	32.523	0.113	0.087	0.800
A0A061AD72	1383	0.535	62.725	0.018	0.019	0.964
A0A061AD72	1482	0.476	55.752	0.257	0.016	0.727
A0A061AE68	108	0.364	42.637	0.018	0.019	0.964
A0A061AE68	111	0.442	51.767	0.018	0.047	0.935
A0A061AE68	206	0.260	30.460	0.052	0.084	0.864
A0A078BQL1	234	0.317	37.094	0.115	0.016	0.868
A0A078BQL1	237	0.233	27.284	0.181	0.016	0.803
A0A078BS51	161	0.377	44.173	0.184	0.043	0.773
A0A078BTM6	9	0.457	53.596	0.056	0.142	0.802
A0A078BTM6	26	0.538	63.112	0.113	0.043	0.844
A0A9S2	358	0.046	5.344	0.004	0.514	0.481
A0PD34	134	0.494	57.909	0.339	0.016	0.645
A0PD34	302	0.322	44.703	0.020	0.205	0.775
A3QM97	681	0.319	37.422	0.052	0.084	0.864
A3QM97	683	0.272	31.890	0.064	0.216	0.721
A3QM97	778	0.516	60.522	0.018	0.088	0.893
A3QM97	781	0.278	32.582	0.018	0.047	0.935
A3QMB7	70	0.651	76.332	0.181	0.016	0.803
A3QMC5	12	0.437	51.193	0.019	0.141	0.840
A3QMC5	81	0.056	6.598	0.113	0.043	0.844
A3QMD7	141	0.489	57.252	0.184	0.043	0.773
A4LBC2	258	0.653	90.516	0.018	0.047	0.935
A4LBC2	1080	0.451	52.869	0.052	0.084	0.864
A4LBC2	1186	0.490	57.475	0.923	0.002	0.076
A4LBC2	1465	0.163	19.068	0.113	0.043	0.844
A4LBC2	1467	0.511	59.889	0.018	0.019	0.964
A4UVK2	105	0.498	58.401	0.113	0.087	0.800
A4UVK2	107	0.434	60.237	0.113	0.087	0.800
A4UVK2	124	0.209	44.770	0.321	0.252	0.427
A4UVK2	138	0.165	35.325	0.751	0.050	0.199
A4UVK2	139	0.502	58.788	0.751	0.050	0.199
A4UVK2	184	0.312	36.625	0.561	0.047	0.393
A4UVK2	192	0.585	68.539	0.058	0.017	0.925
A4UVK2	196	0.284	60.648	0.021	0.451	0.528
A4UVK2	198	0.424	49.728	0.052	0.084	0.864
A4UVK2	202	0.337	39.508	0.125	0.227	0.648
A4UVK2	230	0.459	53.818	0.354	0.048	0.598
A4UZ34	178	0.694	81.360	0.858	0.002	0.139
A4UZ34	180	0.394	46.142	0.406	0.004	0.590
A5HU91	54	0.535	62.761	0.113	0.087	0.800
A5HU91	57	0.432	50.677	0.053	0.043	0.903
A5HWA4	299	0.409	47.970	0.430	0.016	0.555
A5JYR4	23	0.252	29.558	0.115	0.016	0.868
A5JYR4	38	0.487	57.100	0.018	0.019	0.964
A5JYR4	420	0.334	39.168	0.052	0.084	0.864
A5JYT3	171	0.617	72.359	0.191	0.086	0.723
A5JYT9	6	0.387	53.649	0.001	0.900	0.099
A5JYT9	8	0.405	47.454	0.004	0.420	0.576
A5JYT9	60	0.591	69.312	0.074	0.484	0.442
A5JYV7	25	0.428	50.138	0.018	0.019	0.964
A5JYW9	377	0.376	44.009	0.064	0.216	0.721
