@RIDGE=0.03	@AUC1=0.8530974660200806	@AUC2=0.8618536985178608
1.4906771748730647	0.030544077145873656	-3.7947426003349602	0.2567405705764048	0.15345806462369901	0.17999053603592355	-0.8567865025383301	1.754245671295123	-1.0148514856835076	
@RIDGE=6.1	@AUC1=0.8443207431186395	@AUC2=0.8565876647769961
0.39311083763252935	0.02328680280606827	-3.65964065517739	-0.013845897461385983	-0.8205146293298952	0.24683899432441428	-0.504402510952336	1.2087729696762535	-0.7580802079767561	
@RIDGE=0.02	@AUC1=0.858486442182911	@AUC2=0.8667099241855064
0.19684367366508018	0.024004500418564508	-5.185716201283528	-0.26021621972408615	-0.601104883363897	-0.07921134496036043	-0.4894562352605634	1.5556264049839743	-0.010848335460800607	
@RIDGE=6.1	@AUC1=0.8461034082371423	@AUC2=0.8602827675705211
0.7032806317570811	0.01592058691999679	-3.2699897764503145	-0.026090744835382356	-0.3911456169913486	0.14346619610994019	-0.5578557272998634	1.2737219778207243	-0.8753314538902903	
@RIDGE=0.07	@AUC1=0.8566764565261936	@AUC2=0.8696263916399153
1.2673016933663137	0.016617596804389963	-3.452180103179893	-0.17889593630554296	-0.19385974938758357	-0.19974926427064324	-0.725133469681734	1.7094182534948303	-0.6888821163308319	
@RIDGE=0.04	@AUC1=0.8633290075814494	@AUC2=0.8724608974796804
0.33019599317908416	0.037067090291081566	-5.164803570357813	0.05778585121616324	-1.6940713528155078	0.19587428042113725	-0.8108302552522414	1.7059991495217497	-0.13542246393034468	
@RIDGE=0.09	@AUC1=0.8510484256539854	@AUC2=0.8636431937709173
0.4555345254933721	0.012073985622342265	-4.102707041950012	0.13773482432543008	-0.5301358582472102	-0.02385102772695856	-0.6101379224595554	1.6597423657249781	-0.5644322526083136	
@RIDGE=9.1	@AUC1=0.841376955126016	@AUC2=0.8522983402773034
0.9453842383009546	0.013855241098877256	-2.7463142298094243	-0.03835755569928801	0.11845574003487332	0.0022247002118397368	-0.3319425530039081	1.1139282617467725	-1.061608821207949	
@RIDGE=0.7	@AUC1=0.8338228263096783	@AUC2=0.8479475445666279
0.4333391392094906	0.016948350517940622	-4.265911296036268	0.034350850247684556	-0.58127516040515	0.09150925891252563	-0.41760032168693456	1.247891361736049	-0.5125220380364152	
@RIDGE=0.6	@AUC1=0.8494638344375384	@AUC2=0.860911139949457
0.4864038395293992	0.019448541180344368	-4.517104122796723	0.1929911209941663	-1.2072086987420523	0.1695820619454744	-0.6695804728266173	1.4211419690420277	-0.4034522897271814	
@平均AUC=0.8612321562734785	@cutoff=2.2158271062214085	@sn=0.7603305785123967	@sp=0.8	@TP=92	@FN=29	@TN=8424	@FP=2106
