-0.6878662336089403	1	G5EFM0	523
5.800713651682155	1	P34707-3	432
-1.9056603103180798	1	Q9XTF3	362
-0.4093279144145783	1	O18068	64
5.230163206844323	1	P34707-3	397
2.80594713860416	1	P34707	12
4.227276570415522	1	P34707-3	393
0.2952603496639004	1	Q95XA8	76
1.1343975561616615	1	O44761	111
2.484500596743536	1	Q9XUB2	186
0.16574236958349675	1	Q95XA8	179
-0.6613849470375054	1	O16850-4	286
-1.6029062274286536	1	Q9U1X7	254
2.554911215326949	1	G5EC86	339
-1.2394670557827014	1	Q9XUB2	458
-1.4975095526054787	1	Q20924	24
0.21453468948326868	1	O62305	284
-0.7755175861030321	1	P45970	181
1.5461796257733045	1	O45539	500
2.580929702004189	1	Q8I4D7	54
0.35547937900959603	1	Q965F9	195
1.930884416333961	1	O45818	925
3.6088189963830555	1	O17323-2	363
3.3745912353806524	1	O45818	929
0.08055753699254065	1	Q21341	248
-0.29579659625277516	1	P34529	1833
-2.058275339468849	1	Q95V25	425
4.635504750250878	1	P34683	200
0.9218919705429034	1	P91155	93
4.420976758152439	1	Q07292	453
-0.1950141226299542	1	Q21341	124
-0.9626615342441357	1	A0A0K3AV08-1	940
-1.8211326747784091	1	P91349	653
-1.9640966607216501	1	Q20924	12
10.350282964333566	1	Q95ZQ4	243
-1.4161664518177743	1	Q95QM5	617
0.7672977739372993	1	P91155	109
2.407933741130062	1	O17323-2	198
-0.02216484041628119	1	G5EDX7	108
-1.8798456342269931	1	P34529	1705
3.281450508683926	1	H2KZU7	890
0.07731321532944246	1	P91349	658
1.64374671474848	1	G5EC86	239
7.293505736399867	1	G5EEN4	280
-0.11106424639887993	1	Q9XWD6	1019
-0.47004379601993773	1	Q17339	348
-0.1793580493143664	1	O16850-4	54
-0.914028680259128	1	G5ECG2	440
-0.44700698662249616	1	Q965F9	255
-0.6314095216684747	1	O44761	68
1.6142288732917836	1	O17323-2	462
4.362283283026761	1	P34683	145
1.2646416284888682	1	Q07292	312
-1.0527704180792075	1	Q9XWD6	965
-0.6486277873659594	1	O44761	128
3.659776557064082	1	Q27874	792
-2.1430999233981876	1	Q8MQ03	9
-1.1804797699749061	1	Q965F9	249
-2.865305072694746	1	O62486	643
-2.212571381442479	1	O62486	649
-1.1910448900835802	1	Q20924	8
1.2178818933690305	1	O44761	151
-1.6003756454292668	1	Q20924	58
0.3556746076750447	1	Q9U1S7	534
5.763619555015092	1	G5EDF7	204
-1.8753023695154	1	Q17339	39
0.7017968997234756	1	P91155	128
6.16623952711196	1	G5EDF7	208
4.554601908598552	1	P34707	483
0.9600447332458941	1	Q10666	120
-1.4611845993684422	1	Q967F4	2909
-1.7927452251445248	1	Q20924	62
-1.0723730995082135	1	Q967F4	2915
4.753141770861262	1	Q10666	127
2.0666634195962676	1	A0A0K3AV08-1	355
-0.4245109340554447	1	Q26261	482
-1.4264794443435733	1	P45970	662
-0.8293687658920893	1	Q967F4	2912
-0.08900061972590123	1	Q965F9	151
0.6480241732065002	1	Q17339	22
1.1764277452568614	1	G5EFM0	672
3.0102803273671443	1	P34707-3	340
0.08657971992733653	1	Q9NAD6	588
3.110341382790176	1	Q09510	17
2.177330243397247	1	Q09510	18
8.915308388267512	1	Q9TXJ0	179
1.1398411434232312	1	P45970	659
1.5298514928965201	1	O44761	147
0.9152927353503637	1	P91155	48
1.2837754360197997	1	Q9BKU3	49
8.420806965965935	1	O16850	271
-0.558703973700017	1	Q965F9	144
11.874910053128662	1	O16850	273
3.188633229582887	1	G5EC86	302
0.08272834470021939	1	P34808	92
-0.7239956561654575	1	O44761	15
2.4515302653823268	1	P34707-3	74
0.943942863108976	1	O44761	171
1.5214613013958274	1	P91155	145
-1.2744437574688172	1	Q20924	36
1.0963646603361799	1	O44761	93
1.4461435793771966	1	O44326	599
9.779753076713936	1	O16850	345
-0.8667523670165918	1	P45970	168
-0.5209794708251118	1	Q10666	109
-1.1266259747897618	1	Q20924	43
-0.6464113133358063	1	Q965F9	219
2.6622122564021424	1	P34683	218
4.98082632688136	1	Q10666	107
-1.763965552912027	1	G5EDX7	260
3.167973467829302	1	P34683	220
7.229759240838897	1	Q21307	225
1.0860561523654368	1	P91155	131
2.0167298680965593	1	Q07292	629
5.505191302154412	1	Q21307	221
-2.03058212576188	1	Q20924	35
3.1627421333977175	1	Q07292	626
2.9002327919574302	1	Q10666	118
2.93137272653449	1	Q8WQG9	278
-0.037096769754583425	1	Q965F9	289
10.485389636427872	1	Q8WQG9	276
-2.358151652227588	0	P53585	472
-0.9424012361619334	0	E2JKZ0	92
-3.20768357353682	0	G5EBE3	451
-1.4514853449949408	0	Q22655	652
1.866697853670471	0	X5M5W2	112
-2.527572981264935	0	Q9GUI5	123
-1.6529277674941836	0	Q9XXT5	486
-1.9627575586145483	0	P90961	2
-3.2658582975073007	0	Q94244	111
-2.193698953600185	0	A4LBC2	1186
-0.010512570084199369	0	P04970	216
-1.6215189628684066	0	G5EBP5	4143
-0.8675526490910425	0	Q95QA3	634
-0.8252897267202076	0	Q22015	313
0.08494524158445088	0	H2L0M0	2038
-1.6134276608621128	0	H2L0Q7	36
-0.13476739240287303	0	Q9XVJ3	213
-2.311336790991999	0	Q22949	375
-0.26211090273282445	0	G5ECY0	633
-1.8040275852464067	0	P91124	333
-2.8530430059994623	0	Q9NAG4	122
-2.096720549699698	0	Q27355	50
-2.0468771883283265	0	Q21286	810
-2.7621421224891574	0	Q19743	2
-1.1646109133123912	0	P41848	467
-1.6833719873106492	0	P34713	644
-2.7324511176883686	0	Q23398	410
-1.6868943145540043	0	Q93896	317
0.02062221209428583	0	Q9U202	528
-1.746681330733304	0	O45000	1566
-2.261940999241488	0	P34400	292
-2.0161080553570856	0	G5EF48	305
-1.7531793280181958	0	G5EF99	200
0.20580526496100715	0	Q19266	210
-2.673878451855047	0	P91272	615
-2.0549266620639632	0	O01661	131
-1.8045091912498759	0	P91309	1285
-0.8599927957492055	0	H2KZA6	434
-2.120756827165645	0	Q9U225	65
-1.0379873642062445	0	H2KYS8	331
-1.3201953599261245	0	Q9XTF3	364
-2.374339769289943	0	H2KYC4	769
-0.5288203560439453	0	Q18780	971
-2.666374436476509	0	Q23215	569
-1.6574265670112962	0	Q03604	6
-1.1759576285941162	0	G5EE13	12
-2.0603651008371866	0	D0VWL6	2094
-0.8966589882582728	0	Q9U1W1	475
-1.027870958269177	0	Q9TZM9	794
-1.0614700990155155	0	Q22639	589
0.4445688575318292	0	O17859	254
-0.8123026728226743	0	D0VWL6	3096
0.10689985823373327	0	Q95ZQ4	547
0.44310807278841247	0	Q27395	1301
-1.7098138360847737	0	Q09581	170
-1.3362878182320874	0	H2KZQ8	631
-1.751727674969088	0	Q22629	571
-2.397687567167966	0	Q22684	7
-2.2381841121222443	0	Q8I7M8	283
-0.15542200669235665	0	O45815	60
-1.8494796682572043	0	O61907	153
-0.4634241335368336	0	Q95YA9	601
-1.193266023601722	0	Q22540	8
-1.6775045836226803	0	N1NVB6	231
-2.6191834917944803	0	Q7JKP6	901
-1.2716923944833698	0	H2KYV3	8
0.14031619362738645	0	O45666	114
-1.96145143381848	0	Q21480	822
-1.092510803906027	0	Q9XVS4	682
-1.4461917653102963	0	K8FDY0	1028
-2.3016130440485707	0	S6FWN4	175
-1.2122255983025585	0	Q22715	212
-1.045855230454376	0	Q21854	142
-1.5309079857214125	0	G4SI07	167
-2.6966469074570565	0	Q9BL72	1086
-0.8321840103901414	0	H2KYA5	1179
-3.438736320853404	0	Q19375	152
-1.839431509451733	0	P46769	2
-1.5050998672993143	0	Q93712	85
-1.5525872448319458	0	P90978	95
-2.3107331449630566	0	H2KYB8	342
-1.0271235077388265	0	O76835	549
-1.2669141187863109	0	Q21067	294
-1.0178662349063157	0	Q17490	4313
-2.037533840116861	0	O62203	883
-2.5790098868466727	0	Q17911	519
-2.0009554266303025	0	Q09237	222
-1.7700527605517977	0	P34712	677
-2.9632634803069093	0	G5EFC1	187
-2.469139530170967	0	E5QCH3	482
-0.22602247307692272	0	P04255	53
-2.2922989400441676	0	G4SPY0	608
-1.240932316622939	0	Q9XVS4	739
-1.4558282384852381	0	O02485	301
-2.9536991542717037	0	Q7JKP6	625
-2.5460071861838243	0	G5EEL9	86
-2.4234254402329394	0	Q21740	150
-2.136834918571259	0	Q21221	319
-0.7573710834153341	0	Q9XTZ4	211
-1.1534516164384188	0	Q95QC9	540
-2.8484366114704547	0	Q21480	823
-1.6792276307392018	0	Q20496	2
-0.4141753346814531	0	H2FLL1	6
-1.1536532368152348	0	Q9XVS4	253
5.14363443934851E-4	0	H2KZR4	337
-1.8432374904474222	0	H2KZS2	2
-1.9897755586848376	0	O17389	128
0.7574665789374706	0	O17915	31
-1.8602990921806775	0	K8FDY0	137
-3.2051424159019413	0	G5EDQ2	159
-2.221024155775174	0	Q09267	372
-2.4675879475278744	0	J7SA49	1725
-1.5346855293694461	0	Q56VY4	16
-1.9776211212709507	0	Q17490	6344
-2.5465466942666097	0	G5EGS7	134
-0.6817007480169062	0	H2KYY5	779
-1.589407393296619	0	Q9TZN2	88
-2.192948645483886	0	Q9XWX7	149
-1.2334602754098285	0	Q95XP5	1089
-3.0572329243110095	0	P49180	11
-2.43627464229422	0	H2KZC3	1020
-0.9519761062624776	0	D0VWL6	3355
-1.165861196319379	0	H2KZP7	155
-2.683726136676305	0	O02286	25
-1.7049391621296195	0	Q9XTG1	780
-3.3493426347146693	0	G5EEM9	120
-1.817755805432374	0	G5EFE3	376
-2.2072985760955652	0	O45298	29
-1.5065869122049071	0	P34675	1251
-1.2551838513757905	0	D0VWL6	1317
-2.114771362965795	0	Q9U225	599
-1.2592647870674774	0	H2KZR4	336
0.9143148339796983	0	Q9XVS4	153
-1.3259208104530344	0	H2L031	235
-1.487034812909707	0	Q19253	494
-1.2959586281053708	0	Q18453	313
-0.31841460504576496	0	Q9UB28	4128
-2.4236026189669473	0	Q22624	1098
-1.1625299494466044	0	Q17426	280
-2.3053601597944704	0	H2KMJ3	306
-1.3363096218143427	0	J7S122	1369
-1.4252432114740858	0	Q8I112	139
-3.0496434391103397	0	Q8IG69	9
-1.477468421160699	0	Q967F1	2
-0.9442430403235051	0	Q9XVP0	144
-1.085832802265865	0	Q9U2T9	845
-2.5560326524739807	0	D5MCN2	237
3.0531525044652463	0	G5EFU0	390
-1.785053872244732	0	Q9TYM6	425
-1.6846655744304417	0	O44562	23
-2.2033303694135116	0	K8ERR8	957
-0.7206260290732005	0	H2L2E3	388
-2.4457850393369123	0	V6CLN5	960
-1.9878553663317895	0	Q9U2D6	356
-0.9619794215117126	0	A4UVK2	184
-1.3202266515341943	0	Q09501	385
-1.4805098406270711	0	O16657	165
-2.749773303861746	0	H2KZS2	355
-2.432479899693885	0	K8FDY0	1480
-2.2105392216405315	0	Q8MXF0	691
-2.612172320241558	0	Q17490	1598
-0.47547009990258293	0	Q20330	1237
-2.8433882839046634	0	Q22992	228
-2.0605951248610586	0	Q9U2H9	43
-1.5776143089975772	0	C9IY21	100
-1.4615361276253964	0	B0M0L8	240
-2.4616188490976465	0	H2KYL8	876
-1.8348226801093812	0	O18181	408
-2.8773986388395723	0	Q21019	118
-2.547149668483094	0	Q20363	156
-2.028726699737668	0	Q22866	93
-1.0380911393883987	0	Q20502	658
-2.2526039123016957	0	D4PH96	563
0.8215896478614892	0	P34339	978
0.2487314717039102	0	A0A061ACP8	594
-0.6765639174388451	0	O02326	49
-2.0591444143349893	0	Q20641	671
-1.2979414297022402	0	Q20626	1136
-1.9296929265210376	0	Q21821	26
-2.260428687152544	0	Q21988	21
-2.0879836482007743	0	H2L0J1	966
-1.6686793308320138	0	O01761	1268
-1.3361442299005826	0	A0A061ACP8	596
-1.5933200525744904	0	G5ECH3	578
-1.5347027283217474	0	G5EDF0	181
-1.2344552176342407	0	Q19523	679
-1.4876131992032322	0	Q9NEZ5	241
-0.8145858223430106	0	Q18846	712
1.722622750984937	0	P19826	164
-3.045940405421881	0	O01761	1644
-2.6653505024262873	0	Q20448	2
-1.7640510227341593	0	G5EFX8	297
-1.1275987787959199	0	G5EGS5	1325
-2.62479278091205	0	Q22192	366
-1.682277827966761	0	P34514	693
0.9778285187215223	0	P91398	211
-0.47399905165949835	0	Q9UB28	4123
-0.33986248784604545	0	O01905	508
-2.0409817627364792	0	H2KZS2	451
-2.898983206537629	0	Q23330	365
-1.9577648019656269	0	O17389	65
-2.431014925433609	0	G5EDE0	97
-1.381681141104602	0	H2KZA6	229
-2.9819164585978357	0	Q9N4G4	1257
-1.454486150507512	0	Q95ZL3	63
-2.964393495811534	0	Q19720	420
-2.0540554813604355	0	O44500	211
-1.4911582883542944	0	Q21155	88
-1.3096252457914572	0	B7CED8	1135
-2.5968771921197287	0	O45434	171
-1.5933793146309618	0	Q9U3P0	59
-2.8434595168283145	0	G5EFX8	326
-1.3694895012111992	0	H2KZR4	454
-3.103739658232595	0	G5EC91	226
-0.49062153002243203	0	Q95XP5	1158
0.09665717702412824	0	Q23120	255
-1.0610845217081253	0	Q21338	904
-2.417525445855221	0	Q9XVT2	588
-2.619569703408552	0	J3K004	93
-0.9080707563407683	0	A4UVK2	196
-1.2097243544924405	0	Q09584	254
-2.7307995908600713	0	P90731	472
-1.230757492790133	0	P34703	167
-1.8310885676762514	0	H2KZS2	750
-0.9185876788275645	0	O44498	660
4.452505438622873	0	O16850	343
-2.890178780074139	0	H2KZS2	301
-1.2370216495476691	0	Q06561	780
-2.2665874086537494	0	Q19138	235
-1.5152661700590278	0	G5EDI2	2958
1.366463303507068	0	Q18846	601
-1.2071229814891937	0	Q95R19	156
-1.5652645337855249	0	Q21065	54
0.2718901461596236	0	Q20848	258
-1.7617270076131404	0	Q22560	59
-2.2695304844421575	0	Q6A573	463
-1.2412045936935976	0	Q23523	197
-1.8197043398752464	0	G5ED17	501
-1.997134342355411	0	K8ESC8	188
-2.584620690521979	0	Q7JKP6	305
-1.5459850884236295	0	Q17414	409
-1.6370739167098534	0	Q10025	908
-0.7483595776458993	0	P48727	317
-1.190550563763411	0	O01761	7757
-1.3833196260701461	0	Q27481	45
-1.9701166035665187	0	B2FD95	182
-2.417535745623276	0	Q65XX9	491
-1.1612427220159045	0	Q23670	1412
-1.3209652594992427	0	Q95QC9	715
0.20658044660218877	0	G5EFL5	303
0.774848594837525	0	G5ECH5	1337
-2.1341701914755484	0	Q86NJ4	1428
-2.92295705956807	0	P91280	317
-2.4601192812708326	0	O61792	359
-1.6725110975303383	0	C2BR94	250
-2.091602697734493	0	Q22749	118
2.9611564308746576	0	G5EEQ8	134
-1.5404518082494505	0	O45244	119
-1.0797295328099292	0	Q17624	392
-1.9183676474839555	0	Q21531	275
-2.6583870552854827	0	P02566	1021
-1.7205432480390375	0	G5EDA8	350
-1.7960129845376587	0	G5EDY1	651
2.419989972537842	0	G5EC23	498
-1.829895111687904	0	Q19972	70
-1.5352907468837997	0	Q22033	439
-1.6950468561087828	0	A6ZJ46	344
-1.0528605473893287	0	O02365	9
-2.4508139635726547	0	G5EFW0	246
-1.0109263817764	0	F0IWT2	752
-1.9822968343659944	0	Q93380	154
-2.7248995964823526	0	Q95Y36	457
-1.8340245484871647	0	Q8T3G2	241
-1.2695331324499164	0	Q9XWZ3	188
-1.8979315266639167	0	H2L0E6	298
-1.8386068199532704	0	Q9NEZ5	236
-1.7044646125694871	0	G5EE37	191
-1.6739703058302897	0	Q9XVS4	967
-1.662422409247508	0	Q95ZQ5	84
-1.3401693229373308	0	H2KYV3	314
-2.1361749853476484	0	P91869	132
-2.165218018539403	0	O17580	50
-0.8108995942574757	0	Q23624	9
-2.3560112802553403	0	H2KZ37	677
-0.8652754127482989	0	G5ECH1	654
-1.5927861602285969	0	Q8IAA9	205
-1.502128313488915	0	G5EG53	174
-1.6870804508971982	0	O45134	227
-1.5557800279758058	0	Q9XVL5	110
-0.7632816855815081	0	O61708	433
-1.3903867184703786	0	X5LV34	166
-2.810410763926371	0	P34531	442
-2.640389624567689	0	Q95XW9	129
-1.2447496727817948	0	O02331	121
-2.9345333392363533	0	O16657	14
-1.8277358763361882	0	Q94010	114
-2.8614873928395426	0	Q19973	201
-1.280383899249015	0	O44476	622
-1.6856527133437686	0	P49595	235
-2.399282580721845	0	Q10124	967
-0.06998069678205579	0	Q95Y90	92
-3.2988227564606145	0	Q17413	223
-1.7239770130774505	0	G5EDI2	1412
-2.3134377513413895	0	H2FLL1	187
-1.3570241236818426	0	P91133	297
-1.8522292235461373	0	G5EEG8	3577
-1.9584820163555159	0	Q9NEM5	712
-2.81428392806744	0	G5EDQ2	281
-2.866994348803772	0	O16266	182
-1.9263996294111916	0	Q20500	209
-2.8772197593573	0	O01761	495
-1.4566764266407326	0	B7FAR9	54
-2.250677196581308	0	P34706	1647
-2.0457048089685514	0	O62261	85
-2.132055585144518	0	G5EDN8	278
-2.237102419842876	0	Q18940	151
-1.439307180106172	0	Q2XN10	877
-1.1387550320520654	0	P91340	225
-0.9003157969069783	0	Q9U294	13
-1.8291400332333787	0	Q10009	86
-1.8152679382974213	0	Q21966	144
0.5221996644882729	0	G5EBE3	527
-0.9985775303845313	0	Q09501	502
-2.356873702196018	0	Q86GV3	634
-1.574405601629287	0	O45818	387
-2.1146768856967233	0	Q9N5N2	284
-1.2174963140842292	0	O44760	609
1.9193839563487969	0	Q18211	96
-1.364335227835051	0	Q9U2T9	153
-1.5327395044805252	0	O16796	50
-1.1301460013528741	0	I2HAA0	449
-1.239352609837713	0	Q09441	790
-0.4720991365817562	0	H2KYC4	726
-2.090490595274842	0	B3WFV9	1187
-0.327339766751646	0	Q9XTZ2	27
-1.4757422940205782	0	B3WFV9	1188
-0.9568817245090198	0	H2KYZ7	299
-1.8827307526803219	0	Q21966	438
-2.8371378534915817	0	Q20448	172
0.29464704622374316	0	O61845	1807
-0.593284916931117	0	H2KZK4	191
-1.054563377902677	0	P41848	659
-0.4033206421815034	0	K7ZUH9	58
-1.6122613187207606	0	H2KZS2	773
-1.5233013015684413	0	Q19663	2123
-2.1038430435217013	0	Q17490	1591
-2.539370977059691	0	H2L0R7	51
-1.9091503625511617	0	O61802	1202
-1.99934504121887	0	Q22560	57
-0.626411929008043	0	Q9UAT3	289
-2.7314634469757286	0	Q86MI3	544
-2.196743388084221	0	Q7JKP6	374
-1.8673894828004574	0	G5EC75	61
-1.4781775058450999	0	Q9U2T9	143
-0.527477820076879	0	O01905	290
-1.5298414944314256	0	Q22000	8
-1.6028420427864007	0	H2L0I2	2289
-3.1166648058284014	0	C7IVS6	220
-2.9081622430676846	0	Q22133	162
-3.4766723993424256	0	Q23314	187
-1.0349242794205928	0	P91129	472
-1.564533685917226	0	Q9N5K1	164
-1.4080826955336792	0	Q21747	267
-2.3530423619310175	0	H2KYV3	177
-1.9076672092133369	0	G5EBK3	518
-2.6613118720122366	0	G5EG81	91
-1.1953954054189193	0	Q21351	209
-2.5029887450149433	0	Q93712	120
-2.143439812945523	0	Q9GRZ3	902
-2.059130150600783	0	Q20947	259
-2.7687470168634207	0	P34618	128
-1.9499263845398087	0	O01498	198
-0.27519039461863715	0	Q23482	118
-2.289619199213086	0	H2L0E6	355
-1.5840241617592556	0	O62486	777
-1.2130340747337842	0	O62106	232
-1.0024572404811034	0	D0VWL6	1425
-2.382281274536428	0	O17695	3
0.9480422476961583	0	P02566	1487
-0.6634901988148887	0	Q19991	1259
-2.6387355184439025	0	Q20626	450
-3.0068255506763935	0	Q20626	919
-1.307967235834915	0	O16303	421
-2.5816222774052022	0	H2KYB0	91
-2.618107295590188	0	Q7JKP6	531
-2.267432137121169	0	H2L0E6	383
-2.2922989400441676	0	Q23215	563
-1.7188514130529415	0	P34498	133
4.246232591834289	0	H2KYY5	511
-1.2688091472977148	0	P34339	936
2.1231204490461146	0	Q9NAN2	131
-2.657019345184402	0	Q18346	115
-0.5745170593983622	0	G5ECW3	496
-1.466793278044095	0	Q19275	222
-0.8412464492681877	0	Q9BKU5	117
-1.6265916555003113	0	O62263	2226
0.7405583527033227	0	Q18136	124
-1.6169551823253694	0	H2KZQ8	596
-1.4983208986271046	0	Q18846	319
-1.5073880303495257	0	G5EGE9	1062
-0.9807604379829642	0	Q17768	389
-2.063541158909392	0	Q9BIC2	722
-1.2297102205586816	0	P91502	588
-1.5404225594729806	0	Q8T3G2	294
-1.4747902061001315	0	C5NU64	571
-1.125835466058539	0	Q19393	416
-0.49643152528618506	0	Q17490	3698
-2.4744465848602455	0	Q21747	180
-1.7171750567425512	0	Q17758	14
-1.7091590202380327	0	Q8T666	584
-0.9787176137993765	0	Q10033	138
-2.955353260395491	0	G5EEW6	385
-2.4284551330696775	0	G5EEG8	4307
-2.0085030540667903	0	Q09221	977
1.087899194107989	0	O45952	167
-2.005646727291659	0	H2KYV3	215
-2.7232955754815333	0	K8FDZ1	172
-0.20633194895743628	0	G5EEC4	3370
-1.7286305174672072	0	Q09250	2
-1.8994339223819974	0	Q17490	5637
-0.6354307004383757	0	Q93249	330
-2.0955812764299644	0	K8FDY0	102
-1.0998593258764273	0	Q95XU6	404
-1.7421120038545421	0	Q22600	125
-1.2917437763442683	0	G5EEF4	16
-1.7957884679749827	0	Q9TZI1	41
-0.6827098946779211	0	O76447	626
-0.838844762228891	0	H2KYZ0	511
-0.16404153894772389	0	Q9NEW6	224
-2.3205867570502456	0	Q9N3A3	481
0.5770002471747391	0	H2KYZ0	609
-2.5721773944630746	0	Q22516	194
0.5149448472374503	0	Q68TI8	690
-2.152264248382597	0	G5EEG8	3596
-0.4065250451637353	0	Q09299	67
-1.9022921190215936	0	Q9NF15	152
-1.657303903604611	0	Q17490	2411
-0.20357277090518583	0	Q21339	16
-2.4571621479675967	0	Q95PX7	411
-2.977262765929464	0	P91156	83
-1.5696705164952869	0	U4PLR3	105
-0.802320882111448	0	H2KYZ0	366
-2.9081622430676846	0	O61955	3
-3.0683455459466886	0	Q21730	200
-1.5195997489296904	0	Q21878	165
-2.7740067337240317	0	Q22898	55
-1.4447984285474054	0	Q19663	1701
-2.2060465351541954	0	Q95YF1	749
-1.544284684758984	0	H2KMJ3	331
-1.485474193917975	0	Q09436	457
-1.3102480543158321	0	Q5DX48	1923
-1.5497798310239643	0	Q86NJ4	1096
1.4419668007411732	0	Q95Y97	200
-0.5456427539497142	0	Q23121	273
-2.0068290793334644	0	Q21531	303
-1.6205637885825106	0	O17328	321
-2.6349407758435675	0	O01820	363
-1.6444320516946573	0	H2KZ20	22
-1.6187750840911688	0	Q9BL68	72
-1.8666007818550792	0	O61802	789
-0.9313380250321273	0	G4SL51	8
-2.822220233248826	0	Q18286	243
-2.7639620242549565	0	Q20626	303
-1.5125222912817902	0	O61802	1172
-1.8731093416436362	0	Q20733	423
-1.540178900897304	0	H2L2E3	410
-1.109164573877031	0	Q09345	579
-2.3348664337852227	0	Q9XVT2	366
-0.6835258719556744	0	Q8I4D8	21
-1.0851537979813912	0	Q17490	2166
-2.514499262640978	0	O62185	191
-1.4097590483512379	0	B0M0L8	345
-0.8201550183200842	0	Q53U87	1327
-0.5498213848865584	0	P34643	109
-0.8210549427733467	0	P91457	256
-1.3367282572289039	0	Q17832	660
0.07838095908621888	0	O44411	515
-1.6540951962363213	0	G5EDI2	3177
-2.768924195597429	0	Q20626	715
-2.0076932450190452	0	H2KZA3	186
-0.8182739391285991	0	H2KYP2	655
0.10495038400573886	0	O01868	89
-1.748846429028851	0	V6CJ04	450
1.6943299701882837	0	H2KYY5	983
0.3785262156590672	0	A0A061ACP8	40
-0.7828808481943806	0	Q6A2D2	1420
-2.3136238876845834	0	G2HK03	490
-0.8954549330253567	0	Q18563	203
-0.3794838885827212	0	P34314	634
-2.171237961384272	0	G5EEG8	3830
-2.7279894390861426	0	Q22712	965
-0.5454157140589624	0	Q20498	723
-1.6435183805277143	0	Q20947	985
0.9142174609863964	0	X5M5W2	113
-2.486682479473177	0	Q9XVU3	18
-1.966001817274305	0	O01761	1566
-3.044772976679743	0	Q7K714	917
-2.224845240050065	0	Q21480	1680
-1.3339772870323714	0	P90840	155
-1.4136668816394056	0	Q19404	155
-2.545204023424374	0	G5EE72	1368
-1.758917225346236	0	G5EDY1	1008
-2.1852670059050454	0	Q22257	106
-3.3484940915285835	0	G5EEI9	463
-1.3518317117915692	0	B1Q236	590
0.23352615391143022	0	H2KZL7	184
-2.5512643366025225	0	D0VWL6	2096
-1.7695139242814701	0	Q93971	332
-1.6121758488986286	0	J7S122	888
-2.159482949032444	0	O17151	250
-0.6630813423168513	0	Q6A2D2	1268
-1.5033432547517342	0	O01859	179
-0.9833767564009359	0	Q966J6	156
-1.8787510727369836	0	P34261	697
-1.4823914366875828	0	Q9XW10	1148
-1.9621058580647794	0	Q22472	328
-2.4814239224095878	0	P91430	393
-2.398551732853546	0	O02155	44
-1.2849743351278882	0	Q9NEM5	690
-1.6941236431262514	0	P90922	152
-1.4592037928434252	0	Q21469	223
-1.6341189793632676	0	Q03615	143
-1.3792002501040277	0	P34675	993
-2.4207806803727703	0	O17850	242
-2.1466552132698444	0	B2MZD0	268
-2.6029283251888486	0	P52652	103
-0.9234875706672336	0	H2KZI9	515
-3.0789256600827577	0	O61201	1643
-1.091042527687283	0	Q9NEX6	589
-1.7391989669717856	0	P91871	451
-0.7089486884781744	0	Q8MPY8	122
-0.662909613143102	0	Q23670	1470
-1.7313603027823208	0	P91277	58
-1.9904677568903193	0	H2L0A8	274
-1.6939800498366928	0	D5MCN2	369
-2.0060659155338074	0	Q22015	274
-1.8105577566557447	0	B5U8M3	1567
-1.3455536168670519	0	Q5ZR77	56
-2.238948027076802	0	Q9GYR0	32
-1.38300315361847	0	Q03601	636
-2.7677567668552916	0	O17406	138
1.7267344287183495	0	Q95ZQ4	597
-1.9721978907737951	0	E9P860	530
-1.401423892048979	0	Q21874	1427
-1.931989519866463	0	G5EFP3	288
-2.4894010386989094	0	Q9U2C7	48
-1.8666695859824287	0	Q9TW65	1964
-1.6313267406343115	0	Q7YWZ7	283
-1.4842349733787021	0	Q19266	249
-1.2111480745259424	0	O61980	147
-0.5205049212649797	0	Q09299	69
-1.881602573522411	0	G5EDI2	2743
-2.448806286393479	0	Q9XU15	31
-0.8273053731864279	0	G5EBE3	483
1.7103731062752043	0	H2KYY5	263
-1.71471892346351	0	O02365	436
-1.4537812505109662	0	A6ZJ46	422
-1.067234452640242	0	P90735	417
-2.2905971005837515	0	G5ED17	22
-2.223050986011824	0	Q9U1S2	109
-2.887047893589462	0	O01441	674
-1.364335227835051	0	Q6A589	108
-1.4583592935400893	0	O01761	1858
-0.5015491138148596	0	G5EFF4	491
-2.5032922135739817	0	G5ECV7	295
-1.5726918799155327	0	H2L0I2	2320
-1.1827183861174524	0	Q9BL47	252
-1.8473714685786624	0	O44498	1361
-2.7438733094840275	0	Q18892	124
-1.452587880913878	0	O45797	326
-0.893787145393516	0	S6FCW6	29
-0.8984033284480151	0	O76840	1103
-1.3677361568045798	0	O02325	565
-1.3360790394614048	0	O01803	194
-1.983899154709741	0	O16265	181
-2.375847415197693	0	Q9N2X8	410
-2.2848898146942758	0	Q9N3Q9	133
-1.5152020321128714	0	Q10923	45
-1.914075120656121	0	C7IVS4	4
-3.093841295526771	0	G5EDQ2	84
-1.248676963065067	0	Q9N2V9	328
-0.24045932492209765	0	K8ESK9	440
-1.6442761233459504	0	P18948	792
-1.6623716683885639	0	G5EDT9	1054
-2.498066707274182	0	Q10003	754
-2.742268843016913	0	Q20199	83
-1.4224387188818806	0	Q09622	123
-0.7535737712147978	0	Q18990	1866
-1.9553921737517261	0	Q6A573	436
-2.196975834449245	0	Q18046	335
-1.489561733646105	0	Q9U225	55
0.24752730323588323	0	O16850	227
-2.0365351590804917	0	G5EDU3	843
-0.5856954317304468	0	P91306	223
-2.343913024359913	0	H8W3Y2	1237
-1.5173072838902548	0	H2KYE1	344
-0.9812583272348955	0	A0A061ACP8	788
-1.2327015888651327	0	Q18960	10
-1.862726948260944	0	O02168	20
-1.4349729294230515	0	U4PSA1	25
-1.842664897510932	0	O02053	389
-2.8510490020289847	0	H2KZQ8	432
-3.3228649063344564	0	Q18841	41
-1.675861147966952	0	G5ECC7	865
0.7428215052912233	0	Q20757	79
